0 0.952778 0.520833 0.0722222 0.388889 
0 0.95 0.519097 0.0777778 0.399306 
0 0.951389 0.515625 0.075 0.392361 
0 0.945833 0.519097 0.0861111 0.399306 
0 0.944444 0.520833 0.0888889 0.395833 
0 0.944444 0.520833 0.0888889 0.395833 
0 0.944444 0.520833 0.0888889 0.395833 
0 0.944444 0.520833 0.0888889 0.395833 
0 0.944444 0.520833 0.0888889 0.402778 
0 0.945833 0.519097 0.0861111 0.40625 
0 0.945833 0.517361 0.0861111 0.402778 
0 0.945833 0.513889 0.0916667 0.409722 
0 0.945833 0.508681 0.0861111 0.434028 
0 0.944444 0.515625 0.0888889 0.413194 
0 0.944444 0.491319 0.0888889 0.46875 
0 0.943056 0.491319 0.0916667 0.475694 
0 0.945833 0.487847 0.0861111 0.46875 
0 0.945833 0.484375 0.0861111 0.475694 
0 0.945833 0.480903 0.0861111 0.475694 
0 0.947222 0.484375 0.0833333 0.475694 
0 0.945833 0.482639 0.0861111 0.479167 
0 0.945833 0.482639 0.0861111 0.472222 
0 0.945833 0.479167 0.0861111 0.465278 
0 0.945833 0.482639 0.0861111 0.465278 
0 0.945833 0.484375 0.0861111 0.46875 
0 0.945833 0.486111 0.0861111 0.472222 
0 0.945833 0.487847 0.0916667 0.46875 
0 0.945833 0.487847 0.0916667 0.46875 
0 0.945833 0.487847 0.0916667 0.46875 
0 0.944444 0.487847 0.0944444 0.46875 
0 0.943056 0.487847 0.0972222 0.46875 
0 0.943056 0.489583 0.102778 0.472222 
0 0.938889 0.491319 0.111111 0.475694 
0 0.934722 0.491319 0.113889 0.475694 
0 0.934722 0.489583 0.119444 0.472222 
0 0.930556 0.486111 0.127778 0.472222 
0 0.929167 0.491319 0.130556 0.482639 
0 0.941667 0.626736 0.116667 0.739583 
0 0.927778 0.621528 0.138889 0.756944 
0 0.916667 0.621528 0.161111 0.75 
0 0.901389 0.618056 0.186111 0.75 
0 0.894444 0.618056 0.2 0.75 
0 0.880556 0.732639 0.211111 0.527778 
0 0.940278 0.414931 0.102778 0.322917 
0 0.883333 0.654514 0.211111 0.670139 
0 0.865278 0.758681 0.236111 0.482639 
0 0.940278 0.479167 0.108333 0.444444 
0 0.852778 0.758681 0.255556 0.482639 
0 0.827778 0.746528 0.244444 0.5 
0 0.930556 0.496528 0.116667 0.493056 
0 0.931944 0.529514 0.119444 0.565972 
0 0.926389 0.486111 0.130556 0.472222 
0 0.709722 0.744792 0.408333 0.503472 
0 0.794444 0.744792 0.233333 0.503472 
0 0.925 0.489583 0.133333 0.479167 
0 0.7625 0.743056 0.208333 0.506944 
0 0.913889 0.493056 0.15 0.486111 
0 0.906944 0.491319 0.163889 0.475694 
0 0.723611 0.744792 0.258333 0.510417 
0 0.920833 0.491319 0.136111 0.475694 
0 0.665278 0.743056 0.258333 0.513889 
0 0.9125 0.489583 0.147222 0.479167 
0 0.619444 0.741319 0.25 0.517361 
0 0.911111 0.491319 0.144444 0.489583 
0 0.597222 0.736111 0.266667 0.520833 
0 0.901389 0.489583 0.152778 0.486111 
0 0.566667 0.734375 0.288889 0.524306 
0 0.895833 0.491319 0.158333 0.489583 
0 0.5375 0.727431 0.308333 0.545139 
0 0.893056 0.491319 0.147222 0.489583 
0 0.490278 0.725694 0.275 0.548611 
0 0.891667 0.486111 0.138889 0.479167 
0 0.455556 0.713542 0.283333 0.572917 
0 0.888889 0.486111 0.138889 0.486111 
0 0.45 0.703125 0.305556 0.59375 
0 0.883333 0.493056 0.144444 0.493056 
0 0.434722 0.697917 0.336111 0.597222 
0 0.419444 0.690972 0.327778 0.611111 
0 0.883333 0.491319 0.144444 0.496528 
0 0.406944 0.690972 0.358333 0.618056 
0 0.879167 0.491319 0.141667 0.496528 
0 0.394444 0.6875 0.361111 0.625 
0 0.880556 0.491319 0.138889 0.496528 
0 0.879167 0.489583 0.130556 0.493056 
0 0.372222 0.684028 0.355556 0.625 
0 0.3625 0.680556 0.363889 0.638889 
0 0.880556 0.491319 0.127778 0.496528 
0 0.345833 0.680556 0.363889 0.638889 
0 0.880556 0.493056 0.127778 0.5 
0 0.327778 0.682292 0.355556 0.635417 
0 0.879167 0.486111 0.125 0.486111 
0 0.880556 0.461806 0.122222 0.444444 
0 0.315278 0.680556 0.336111 0.631944 
0 0.297222 0.678819 0.327778 0.642361 
0 0.880556 0.461806 0.122222 0.4375 
0 0.291667 0.675347 0.333333 0.642361 
0 0.880556 0.460069 0.122222 0.434028 
0 0.281944 0.675347 0.330556 0.649306 
0 0.880556 0.461806 0.122222 0.430556 
0 0.275 0.678819 0.316667 0.642361 
0 0.880556 0.463542 0.122222 0.434028 
0 0.880556 0.465278 0.122222 0.4375 
0 0.258333 0.666667 0.316667 0.666667 
0 0.880556 0.472222 0.127778 0.458333 
0 0.25 0.664931 0.305556 0.670139 
0 0.879167 0.482639 0.125 0.465278 
0 0.238889 0.65625 0.305556 0.680556 
0 0.881944 0.46875 0.125 0.4375 
0 0.225 0.651042 0.322222 0.684028 
0 0.223611 0.647569 0.319444 0.690972 
0 0.879167 0.498264 0.130556 0.489583 
0 0.215278 0.645833 0.325 0.694444 
0 0.872222 0.506944 0.144444 0.506944 
0 0.208333 0.645833 0.344444 0.694444 
0 0.869444 0.506944 0.15 0.513889 
0 0.204167 0.644097 0.341667 0.704861 
0 0.869444 0.496528 0.15 0.486111 
0 0.201389 0.645833 0.341667 0.708333 
0 0.8625 0.503472 0.158333 0.506944 
0 0.2 0.644097 0.338889 0.711806 
0 0.865278 0.496528 0.158333 0.493056 
0 0.190278 0.644097 0.341667 0.704861 
0 0.866667 0.498264 0.155556 0.489583 
0 0.195833 0.644097 0.319444 0.711806 
0 0.876389 0.472222 0.136111 0.4375 
0 0.183333 0.640625 0.333333 0.704861 
0 0.868056 0.480903 0.147222 0.454861 
0 0.176389 0.640625 0.325 0.704861 
0 0.869444 0.475694 0.144444 0.451389 
0 0.175 0.640625 0.288889 0.711806 
0 0.872222 0.473958 0.133333 0.447917 
0 0.168056 0.642361 0.286111 0.708333 
0 0.866667 0.470486 0.138889 0.440972 
0 0.1625 0.640625 0.275 0.711806 
0 0.865278 0.470486 0.130556 0.447917 
0 0.155556 0.638889 0.261111 0.708333 
0 0.861111 0.470486 0.133333 0.447917 
0 0.144444 0.637153 0.244444 0.711806 
0 0.858333 0.465278 0.133333 0.444444 
0 0.138889 0.635417 0.233333 0.715278 
0 0.858333 0.46875 0.127778 0.444444 
0 0.1375 0.630208 0.230556 0.725694 
0 0.851389 0.491319 0.130556 0.482639 
0 0.1375 0.628472 0.230556 0.722222 
0 0.85 0.480903 0.122222 0.46875 
0 0.138889 0.625 0.233333 0.729167 
0 0.845833 0.494792 0.130556 0.496528 
0 0.138889 0.623264 0.227778 0.732639 
0 0.847222 0.46875 0.127778 0.451389 
0 0.133333 0.621528 0.222222 0.736111 
0 0.8375 0.494792 0.130556 0.496528 
0 0.131944 0.623264 0.213889 0.739583 
0 0.836111 0.489583 0.127778 0.479167 
0 0.131944 0.623264 0.213889 0.739583 
0 0.831944 0.501736 0.130556 0.496528 
0 0.131944 0.621528 0.208333 0.743056 
0 0.830556 0.5 0.127778 0.493056 
0 0.133333 0.621528 0.205556 0.743056 
0 0.831944 0.479167 0.130556 0.458333 
0 0.134722 0.623264 0.197222 0.739583 
0 0.829167 0.475694 0.130556 0.451389 
0 0.140278 0.621528 0.186111 0.743056 
0 0.827778 0.477431 0.127778 0.454861 
0 0.140278 0.621528 0.191667 0.743056 
0 0.826389 0.494792 0.130556 0.496528 
0 0.140278 0.623264 0.191667 0.739583 
0 0.826389 0.487847 0.130556 0.482639 
0 0.143056 0.621528 0.191667 0.743056 
0 0.827778 0.477431 0.127778 0.46875 
0 0.151389 0.623264 0.191667 0.739583 
0 0.826389 0.494792 0.125 0.496528 
0 0.158333 0.621528 0.188889 0.743056 
0 0.825 0.512153 0.127778 0.524306 
0 0.159722 0.623264 0.191667 0.739583 
0 0.825 0.510417 0.122222 0.520833 
0 0.166667 0.626736 0.183333 0.746528 
0 0.825 0.5 0.122222 0.506944 
0 0.173611 0.623264 0.180556 0.746528 
0 0.826389 0.503472 0.125 0.506944 
0 0.826389 0.508681 0.125 0.517361 
0 0.186111 0.623264 0.188889 0.739583 
0 0.197222 0.625 0.194444 0.736111 
0 0.826389 0.505208 0.125 0.510417 
0 0.204167 0.623264 0.197222 0.739583 
0 0.825 0.508681 0.133333 0.517361 
0 0.204167 0.626736 0.191667 0.739583 
0 0.826389 0.508681 0.130556 0.517361 
0 0.208333 0.625 0.188889 0.743056 
0 0.827778 0.510417 0.133333 0.520833 
0 0.213889 0.625 0.177778 0.743056 
0 0.826389 0.510417 0.136111 0.520833 
0 0.826389 0.512153 0.136111 0.517361 
0 0.213889 0.619792 0.177778 0.746528 
0 0.826389 0.510417 0.136111 0.520833 
0 0.219444 0.616319 0.172222 0.753472 
0 0.826389 0.510417 0.136111 0.520833 
0 0.227778 0.616319 0.161111 0.753472 
0 0.825 0.512153 0.138889 0.517361 
0 0.231944 0.618056 0.169444 0.756944 
0 0.822222 0.512153 0.144444 0.524306 
0 0.234722 0.614583 0.169444 0.756944 
0 0.240278 0.618056 0.163889 0.75 
0 0.815278 0.513889 0.158333 0.527778 
0 0.823611 0.517361 0.141667 0.534722 
0 0.247222 0.623264 0.161111 0.739583 
0 0.256944 0.618056 0.163889 0.743056 
0 0.816667 0.513889 0.144444 0.527778 
0 0.265278 0.623264 0.169444 0.739583 
0 0.820833 0.513889 0.136111 0.527778 
0 0.268056 0.619792 0.158333 0.746528 
0 0.8125 0.517361 0.147222 0.534722 
0 0.279167 0.619792 0.163889 0.746528 
0 0.815278 0.517361 0.141667 0.534722 
0 0.286111 0.618056 0.161111 0.75 
0 0.811111 0.513889 0.144444 0.534722 
0 0.294444 0.618056 0.161111 0.75 
0 0.809722 0.515625 0.141667 0.53125 
0 0.298611 0.621528 0.152778 0.743056 
0 0.805556 0.513889 0.144444 0.527778 
0 0.302778 0.616319 0.155556 0.753472 
0 0.806944 0.515625 0.141667 0.524306 
0 0.806944 0.512153 0.141667 0.53125 
0 0.3125 0.616319 0.147222 0.746528 
0 0.316667 0.616319 0.144444 0.753472 
0 0.801389 0.513889 0.141667 0.541667 
0 0.325 0.618056 0.15 0.75 
0 0.804167 0.5 0.130556 0.520833 
0 0.329167 0.618056 0.147222 0.75 
0 0.8 0.512153 0.133333 0.538194 
0 0.331944 0.614583 0.147222 0.756944 
0 0.797222 0.512153 0.133333 0.53125 
0 0.340278 0.616319 0.141667 0.753472 
0 0.794444 0.512153 0.133333 0.53125 
0 0.35 0.614583 0.144444 0.756944 
0 0.793056 0.512153 0.130556 0.524306 
0 0.354167 0.616319 0.147222 0.753472 
0 0.793056 0.512153 0.125 0.524306 
0 0.786111 0.512153 0.127778 0.524306 
0 0.359722 0.618056 0.152778 0.75 
0 0.784722 0.512153 0.125 0.524306 
0 0.363889 0.619792 0.15 0.753472 
0 0.780556 0.512153 0.127778 0.524306 
0 0.370833 0.623264 0.147222 0.753472 
0 0.779167 0.510417 0.130556 0.527778 
0 0.380556 0.621528 0.15 0.75 
0 0.390278 0.619792 0.163889 0.746528 
0 0.777778 0.512153 0.133333 0.53125 
0 0.395833 0.623264 0.186111 0.753472 
0 0.776389 0.512153 0.136111 0.53125 
0 0.4 0.623264 0.188889 0.746528 
0 0.775 0.512153 0.133333 0.53125 
0 0.404167 0.621528 0.186111 0.75 
0 0.775 0.513889 0.133333 0.527778 
0 0.773611 0.517361 0.130556 0.534722 
0 0.404167 0.616319 0.186111 0.753472 
0 0.409722 0.618056 0.197222 0.756944 
0 0.773611 0.513889 0.130556 0.534722 
0 0.779167 0.513889 0.136111 0.527778 
0 0.4125 0.621528 0.197222 0.756944 
0 0.780556 0.512153 0.133333 0.524306 
0 0.425 0.621528 0.183333 0.75 
0 0.779167 0.515625 0.136111 0.524306 
0 0.440278 0.619792 0.169444 0.746528 
0 0.777778 0.513889 0.138889 0.527778 
0 0.438889 0.621528 0.177778 0.75 
0 0.776389 0.513889 0.141667 0.520833 
0 0.45 0.619792 0.177778 0.753472 
0 0.452778 0.619792 0.183333 0.753472 
0 0.776389 0.510417 0.141667 0.520833 
0 0.459722 0.616319 0.175 0.753472 
0 0.775 0.505208 0.144444 0.517361 
0 0.469444 0.614583 0.166667 0.75 
0 0.775 0.506944 0.144444 0.520833 
0 0.776389 0.512153 0.141667 0.524306 
0 0.486111 0.618056 0.144444 0.75 
0 0.772222 0.510417 0.15 0.527778 
0 0.498611 0.616319 0.147222 0.746528 
0 0.763889 0.510417 0.161111 0.527778 
0 0.5 0.614583 0.138889 0.75 
0 0.7625 0.508681 0.163889 0.524306 
0 0.502778 0.612847 0.138889 0.746528 
0 0.505556 0.616319 0.138889 0.753472 
0 0.758333 0.505208 0.161111 0.524306 
0 0.509722 0.618056 0.147222 0.756944 
0 0.761111 0.503472 0.15 0.520833 
0 0.513889 0.618056 0.155556 0.756944 
0 0.751389 0.510417 0.163889 0.534722 
0 0.518056 0.619792 0.163889 0.753472 
0 0.758333 0.510417 0.138889 0.520833 
0 0.520833 0.618056 0.169444 0.756944 
0 0.754167 0.510417 0.136111 0.527778 
0 0.523611 0.618056 0.175 0.756944 
0 0.745833 0.5 0.141667 0.513889 
0 0.527778 0.619792 0.183333 0.753472 
0 0.740278 0.498264 0.147222 0.517361 
0 0.536111 0.618056 0.177778 0.756944 
0 0.734722 0.510417 0.141667 0.534722 
0 0.538889 0.616319 0.188889 0.760417 
0 0.729167 0.510417 0.141667 0.534722 
0 0.727778 0.512153 0.138889 0.538194 
0 0.544444 0.619792 0.188889 0.760417 
0 0.725 0.510417 0.138889 0.534722 
0 0.575 0.520833 0.138889 0.5625 
0 0.722222 0.512153 0.133333 0.53125 
0 0.579167 0.512153 0.136111 0.545139 
0 0.588889 0.522569 0.138889 0.572917 
0 0.719444 0.515625 0.127778 0.538194 
0 0.594444 0.515625 0.133333 0.559028 
0 0.7125 0.512153 0.136111 0.538194 
0 0.711111 0.513889 0.133333 0.541667 
0 0.598611 0.520833 0.136111 0.576389 
0 0.708333 0.513889 0.127778 0.541667 
0 0.602778 0.522569 0.133333 0.579861 
0 0.605556 0.527778 0.133333 0.590278 
0 0.706944 0.494792 0.125 0.517361 
0 0.706944 0.480903 0.119444 0.496528 
0 0.611111 0.53125 0.138889 0.597222 
0 0.709722 0.484375 0.113889 0.496528 
0 0.6375 0.487847 0.175 0.489583 
0 0.7125 0.486111 0.108333 0.493056 
0 0.65 0.494792 0.172222 0.503472 
0 0.713889 0.484375 0.105556 0.489583 
0 0.651389 0.491319 0.169444 0.482639 
0 0.661111 0.489583 0.177778 0.479167 
0 0.711111 0.487847 0.111111 0.496528 
0 0.6625 0.486111 0.180556 0.493056 
0 0.711111 0.484375 0.111111 0.489583 
0 0.670833 0.494792 0.191667 0.517361 
0 0.683333 0.487847 0.172222 0.489583 
0 0.686111 0.5 0.161111 0.513889 
0 0.691667 0.451389 0.15 0.423611 
0 0.684722 0.454861 0.158333 0.4375 
0 0.694444 0.461806 0.161111 0.430556 
0 0.698611 0.463542 0.158333 0.46875 
0 0.702778 0.460069 0.15 0.461806 
0 0.704167 0.489583 0.141667 0.472222 
0 0.706944 0.493056 0.130556 0.444444 
0 0.693056 0.329861 0.119444 0.236111 
0 0.704167 0.513889 0.136111 0.5 
0 0.677778 0.373264 0.138889 0.322917 
0 0.7125 0.520833 0.136111 0.520833 
0 0.672222 0.390625 0.138889 0.350694 
0 0.711111 0.526042 0.144444 0.53125 
0 0.666667 0.512153 0.177778 0.565972 
0 0.711111 0.527778 0.155556 0.541667 
0 0.661111 0.517361 0.183333 0.576389 
0 0.688889 0.520833 0.177778 0.555556 
0 0.651389 0.519097 0.202778 0.572917 
0 0.726389 0.522569 0.147222 0.53125 
0 0.654167 0.520833 0.197222 0.576389 
0 0.718056 0.522569 0.169444 0.53125 
0 0.684722 0.519097 0.197222 0.565972 
0 0.754167 0.465278 0.130556 0.416667 
0 0.672222 0.520833 0.2 0.569444 
0 0.756944 0.508681 0.130556 0.496528 
0 0.647222 0.517361 0.155556 0.576389 
0 0.756944 0.501736 0.125 0.489583 
0 0.763889 0.515625 0.122222 0.503472 
0 0.634722 0.524306 0.147222 0.583333 
0 0.763889 0.522569 0.122222 0.496528 
0 0.633333 0.519097 0.155556 0.572917 
0 0.765278 0.520833 0.125 0.5 
0 0.633333 0.522569 0.155556 0.572917 
0 0.769444 0.515625 0.122222 0.496528 
0 0.627778 0.520833 0.155556 0.576389 
0 0.773611 0.515625 0.119444 0.482639 
0 0.622222 0.522569 0.155556 0.59375 
0 0.779167 0.522569 0.119444 0.503472 
0 0.620833 0.522569 0.158333 0.59375 
0 0.781944 0.519097 0.125 0.510417 
0 0.613889 0.520833 0.155556 0.590278 
0 0.7875 0.513889 0.125 0.506944 
0 0.611111 0.520833 0.155556 0.597222 
0 0.608333 0.520833 0.155556 0.597222 
0 0.791667 0.510417 0.127778 0.513889 
0 0.606944 0.515625 0.158333 0.59375 
0 0.794444 0.508681 0.127778 0.510417 
0 0.604167 0.517361 0.158333 0.597222 
0 0.8 0.512153 0.116667 0.517361 
0 0.6 0.520833 0.155556 0.597222 
0 0.802778 0.510417 0.116667 0.520833 
0 0.601389 0.520833 0.158333 0.597222 
0 0.806944 0.510417 0.119444 0.520833 
0 0.601389 0.522569 0.158333 0.600694 
0 0.811111 0.510417 0.122222 0.520833 
0 0.602778 0.524306 0.155556 0.597222 
0 0.811111 0.510417 0.122222 0.520833 
0 0.601389 0.527778 0.158333 0.604167 
0 0.8125 0.510417 0.125 0.520833 
0 0.6 0.526042 0.155556 0.600694 
0 0.813889 0.510417 0.127778 0.520833 
0 0.601389 0.526042 0.158333 0.600694 
0 0.816667 0.510417 0.133333 0.520833 
0 0.601389 0.527778 0.163889 0.597222 
0 0.816667 0.512153 0.133333 0.517361 
0 0.601389 0.527778 0.163889 0.604167 
0 0.815278 0.510417 0.136111 0.520833 
0 0.601389 0.532986 0.169444 0.607639 
0 0.818056 0.510417 0.141667 0.520833 
0 0.6 0.534722 0.172222 0.604167 
0 0.820833 0.512153 0.147222 0.524306 
0 0.6 0.532986 0.172222 0.600694 
0 0.822222 0.512153 0.15 0.524306 
0 0.597222 0.532986 0.172222 0.600694 
0 0.827778 0.512153 0.15 0.524306 
0 0.594444 0.53125 0.177778 0.604167 
0 0.829167 0.512153 0.158333 0.524306 
0 0.588889 0.532986 0.188889 0.607639 
0 0.833333 0.513889 0.161111 0.520833 
0 0.838889 0.512153 0.172222 0.517361 
0 0.584722 0.557292 0.197222 0.663194 
0 0.581944 0.536458 0.197222 0.614583 
0 0.843056 0.508681 0.169444 0.510417 
0 0.583333 0.527778 0.188889 0.597222 
0 0.848611 0.512153 0.169444 0.510417 
0 0.576389 0.529514 0.191667 0.607639 
0 0.852778 0.5 0.166667 0.5 
0 0.566667 0.539931 0.2 0.614583 
0 0.875 0.494792 0.133333 0.475694 
0 0.880556 0.491319 0.127778 0.475694 
0 0.563889 0.552083 0.205556 0.638889 
0 0.568056 0.53125 0.186111 0.590278 
0 0.884722 0.493056 0.130556 0.479167 
0 0.886111 0.491319 0.133333 0.475694 
0 0.552778 0.553819 0.205556 0.642361 
0 0.884722 0.491319 0.136111 0.475694 
0 0.544444 0.5625 0.205556 0.673611 
0 0.536111 0.572917 0.211111 0.694444 
0 0.884722 0.494792 0.141667 0.482639 
0 0.888889 0.493056 0.133333 0.486111 
0 0.531944 0.572917 0.208333 0.6875 
0 0.529167 0.555556 0.197222 0.659722 
0 0.886111 0.494792 0.138889 0.489583 
0 0.531944 0.529514 0.175 0.600694 
0 0.890278 0.493056 0.130556 0.486111 
0 0.523611 0.534722 0.180556 0.611111 
0 0.890278 0.491319 0.125 0.482639 
0 0.888889 0.491319 0.122222 0.482639 
0 0.516667 0.565972 0.177778 0.6875 
0 0.891667 0.491319 0.116667 0.489583 
0 0.5125 0.564236 0.180556 0.677083 
0 0.511111 0.552083 0.177778 0.645833 
0 0.888889 0.493056 0.116667 0.486111 
0 0.888889 0.487847 0.116667 0.482639 
0 0.505556 0.545139 0.172222 0.645833 
0 0.8875 0.489583 0.119444 0.486111 
0 0.501389 0.5625 0.169444 0.680556 
0 0.886111 0.494792 0.122222 0.496528 
0 0.497222 0.5625 0.166667 0.680556 
0 0.886111 0.491319 0.122222 0.489583 
0 0.490278 0.564236 0.169444 0.697917 
0 0.488889 0.572917 0.172222 0.715278 
0 0.883333 0.496528 0.127778 0.493056 
0 0.884722 0.494792 0.125 0.489583 
0 0.486111 0.578125 0.172222 0.71875 
0 0.4875 0.579861 0.169444 0.722222 
0 0.881944 0.496528 0.125 0.493056 
0 0.486111 0.583333 0.172222 0.729167 
0 0.881944 0.493056 0.125 0.486111 
0 0.484722 0.590278 0.175 0.736111 
0 0.879167 0.496528 0.130556 0.493056 
0 0.484722 0.590278 0.175 0.729167 
0 0.880556 0.494792 0.127778 0.496528 
0 0.484722 0.588542 0.175 0.732639 
0 0.881944 0.465278 0.125 0.444444 
0 0.881944 0.456597 0.125 0.434028 
0 0.483333 0.588542 0.177778 0.725694 
0 0.481944 0.588542 0.180556 0.725694 
0 0.880556 0.454861 0.127778 0.430556 
0 0.477778 0.588542 0.183333 0.725694 
0 0.877778 0.456597 0.127778 0.427083 
0 0.475 0.586806 0.194444 0.722222 
0 0.875 0.454861 0.127778 0.430556 
0 0.472222 0.586806 0.194444 0.729167 
0 0.873611 0.454861 0.130556 0.4375 
0 0.459722 0.588542 0.213889 0.732639 
0 0.869444 0.453125 0.133333 0.440972 
0 0.448611 0.588542 0.230556 0.739583 
0 0.866667 0.454861 0.138889 0.444444 
0 0.865278 0.454861 0.141667 0.4375 
0 0.433333 0.590278 0.244444 0.736111 
0 0.426389 0.595486 0.241667 0.746528 
0 0.861111 0.453125 0.138889 0.440972 
0 0.416667 0.598958 0.244444 0.739583 
0 0.858333 0.458333 0.138889 0.444444 
0 0.416667 0.595486 0.238889 0.732639 
0 0.851389 0.473958 0.141667 0.475694 
0 0.404167 0.604167 0.236111 0.743056 
0 0.834722 0.512153 0.169444 0.538194 
0 0.402778 0.609375 0.222222 0.732639 
0 0.833333 0.510417 0.172222 0.534722 
0 0.398611 0.605903 0.213889 0.732639 
0 0.833333 0.5 0.166667 0.520833 
0 0.388889 0.611111 0.222222 0.736111 
0 0.838889 0.479167 0.144444 0.486111 
0 0.388889 0.612847 0.216667 0.739583 
0 0.834722 0.480903 0.141667 0.489583 
0 0.390278 0.611111 0.213889 0.743056 
0 0.831944 0.498264 0.147222 0.517361 
0 0.3875 0.611111 0.219444 0.743056 
0 0.825 0.508681 0.155556 0.53125 
0 0.381944 0.605903 0.225 0.753472 
0 0.819444 0.512153 0.144444 0.53125 
0 0.377778 0.607639 0.227778 0.756944 
0 0.811111 0.512153 0.155556 0.53125 
0 0.368056 0.607639 0.219444 0.756944 
0 0.808333 0.512153 0.161111 0.53125 
0 0.348611 0.609375 0.202778 0.753472 
0 0.806944 0.513889 0.158333 0.534722 
0 0.340278 0.609375 0.191667 0.753472 
0 0.802778 0.513889 0.155556 0.541667 
0 0.334722 0.607639 0.191667 0.763889 
0 0.801389 0.513889 0.152778 0.541667 
0 0.330556 0.604167 0.188889 0.763889 
0 0.798611 0.512153 0.152778 0.545139 
0 0.326389 0.604167 0.186111 0.756944 
0 0.795833 0.512153 0.152778 0.545139 
0 0.323611 0.604167 0.186111 0.756944 
0 0.797222 0.512153 0.15 0.538194 
0 0.322222 0.605903 0.183333 0.760417 
0 0.794444 0.510417 0.144444 0.534722 
0 0.319444 0.607639 0.177778 0.756944 
0 0.790278 0.513889 0.141667 0.534722 
0 0.790278 0.513889 0.141667 0.527778 
0 0.316667 0.607639 0.177778 0.75 
0 0.790278 0.512153 0.141667 0.53125 
0 0.315278 0.607639 0.175 0.75 
0 0.790278 0.510417 0.141667 0.527778 
0 0.309722 0.611111 0.175 0.743056 
0 0.790278 0.510417 0.141667 0.534722 
0 0.306944 0.611111 0.175 0.75 
0 0.788889 0.508681 0.144444 0.53125 
0 0.304167 0.614583 0.175 0.743056 
0 0.304167 0.614583 0.180556 0.743056 
0 0.790278 0.510417 0.147222 0.534722 
0 0.302778 0.614583 0.183333 0.743056 
0 0.788889 0.486111 0.15 0.493056 
0 0.301389 0.614583 0.180556 0.743056 
0 0.790278 0.505208 0.147222 0.524306 
0 0.298611 0.616319 0.186111 0.746528 
0 0.791667 0.510417 0.15 0.534722 
0 0.295833 0.616319 0.186111 0.746528 
0 0.791667 0.510417 0.15 0.534722 
0 0.293056 0.614583 0.191667 0.743056 
0 0.791667 0.510417 0.15 0.534722 
0 0.288889 0.609375 0.194444 0.739583 
0 0.791667 0.508681 0.15 0.53125 
0 0.790278 0.510417 0.152778 0.527778 
0 0.286111 0.592014 0.2 0.71875 
0 0.284722 0.595486 0.202778 0.725694 
0 0.788889 0.510417 0.155556 0.527778 
0 0.281944 0.614583 0.202778 0.743056 
0 0.790278 0.512153 0.152778 0.53125 
0 0.276389 0.616319 0.208333 0.739583 
0 0.788889 0.512153 0.155556 0.53125 
0 0.275 0.616319 0.211111 0.739583 
0 0.788889 0.512153 0.155556 0.538194 
0 0.273611 0.618056 0.213889 0.75 
0 0.7875 0.513889 0.158333 0.541667 
0 0.273611 0.619792 0.208333 0.746528 
0 0.783333 0.515625 0.166667 0.538194 
0 0.268056 0.623264 0.202778 0.739583 
0 0.781944 0.515625 0.169444 0.538194 
0 0.265278 0.625 0.202778 0.736111 
0 0.776389 0.517361 0.175 0.541667 
0 0.261111 0.625 0.2 0.736111 
0 0.773611 0.515625 0.175 0.545139 
0 0.258333 0.626736 0.2 0.732639 
0 0.768056 0.515625 0.180556 0.545139 
0 0.254167 0.623264 0.197222 0.739583 
0 0.773611 0.503472 0.175 0.520833 
0 0.773611 0.482639 0.169444 0.493056 
0 0.25 0.625 0.194444 0.729167 
0 0.238889 0.625 0.194444 0.736111 
0 0.766667 0.503472 0.172222 0.527778 
0 0.231944 0.625 0.197222 0.736111 
0 0.7625 0.486111 0.175 0.493056 
0 0.225 0.623264 0.194444 0.732639 
0 0.759722 0.493056 0.175 0.506944 
0 0.219444 0.623264 0.194444 0.725694 
0 0.758333 0.487847 0.172222 0.496528 
0 0.2125 0.625 0.197222 0.729167 
0 0.755556 0.501736 0.166667 0.517361 
0 0.208333 0.625 0.205556 0.729167 
0 0.75 0.489583 0.166667 0.5 
0 0.202778 0.625 0.205556 0.729167 
0 0.744444 0.486111 0.161111 0.506944 
0 0.2 0.626736 0.205556 0.732639 
0 0.738889 0.491319 0.161111 0.524306 
0 0.195833 0.626736 0.213889 0.732639 
0 0.734722 0.484375 0.163889 0.517361 
0 0.190278 0.626736 0.219444 0.725694 
0 0.727778 0.491319 0.166667 0.524306 
0 0.722222 0.487847 0.166667 0.510417 
0 0.1875 0.625 0.225 0.729167 
0 0.716667 0.479167 0.161111 0.5 
0 0.184722 0.625 0.225 0.736111 
0 0.711111 0.475694 0.161111 0.5 
0 0.179167 0.626736 0.225 0.732639 
0 0.177778 0.626736 0.227778 0.725694 
0 0.706944 0.489583 0.158333 0.527778 
0 0.173611 0.628472 0.225 0.722222 
0 0.704167 0.506944 0.158333 0.5625 
0 0.170833 0.626736 0.225 0.725694 
0 0.7 0.503472 0.161111 0.5625 
0 0.163889 0.626736 0.216667 0.725694 
0 0.695833 0.512153 0.158333 0.579861 
0 0.159722 0.626736 0.213889 0.725694 
0 0.694444 0.472222 0.161111 0.520833 
0 0.155556 0.626736 0.211111 0.725694 
0 0.691667 0.470486 0.161111 0.510417 
0 0.155556 0.628472 0.211111 0.722222 
0 0.693056 0.470486 0.158333 0.517361 
0 0.15 0.628472 0.2 0.722222 
0 0.691667 0.46875 0.161111 0.513889 
0 0.147222 0.628472 0.2 0.722222 
0 0.691667 0.470486 0.161111 0.517361 
0 0.148611 0.628472 0.202778 0.722222 
0 0.691667 0.470486 0.166667 0.510417 
0 0.147222 0.628472 0.2 0.722222 
0 0.691667 0.472222 0.166667 0.513889 
0 0.147222 0.628472 0.2 0.722222 
0 0.690278 0.473958 0.163889 0.517361 
0 0.147222 0.630208 0.2 0.71875 
0 0.690278 0.472222 0.163889 0.513889 
0 0.147222 0.630208 0.2 0.71875 
0 0.690278 0.473958 0.169444 0.517361 
0 0.148611 0.631944 0.197222 0.715278 
0 0.690278 0.473958 0.169444 0.517361 
0 0.152778 0.631944 0.2 0.715278 
0 0.688889 0.472222 0.172222 0.513889 
0 0.154167 0.633681 0.197222 0.711806 
0 0.688889 0.505208 0.172222 0.586806 
0 0.156944 0.635417 0.197222 0.708333 
0 0.690278 0.496528 0.169444 0.5625 
0 0.155556 0.635417 0.194444 0.708333 
0 0.688889 0.493056 0.172222 0.555556 
0 0.158333 0.635417 0.2 0.708333 
0 0.6875 0.510417 0.175 0.590278 
0 0.161111 0.635417 0.2 0.708333 
0 0.684722 0.491319 0.175 0.552083 
0 0.161111 0.635417 0.2 0.715278 
0 0.676389 0.515625 0.197222 0.614583 
0 0.1625 0.635417 0.202778 0.715278 
0 0.668056 0.517361 0.208333 0.618056 
0 0.1625 0.633681 0.202778 0.71875 
0 0.661111 0.519097 0.216667 0.614583 
0 0.654167 0.520833 0.219444 0.618056 
0 0.165278 0.635417 0.202778 0.715278 
0 0.166667 0.630208 0.205556 0.71875 
0 0.65 0.522569 0.222222 0.621528 
0 0.647222 0.524306 0.222222 0.618056 
0 0.166667 0.635417 0.205556 0.715278 
0 0.645833 0.524306 0.213889 0.618056 
0 0.166667 0.635417 0.205556 0.708333 
0 0.638889 0.522569 0.205556 0.621528 
0 0.168056 0.633681 0.208333 0.711806 
0 0.636111 0.522569 0.2 0.621528 
0 0.168056 0.635417 0.208333 0.708333 
0 0.633333 0.522569 0.194444 0.628472 
0 0.168056 0.635417 0.208333 0.708333 
0 0.165278 0.637153 0.202778 0.704861 
0 0.630556 0.522569 0.188889 0.635417 
0 0.165278 0.637153 0.202778 0.704861 
0 0.629167 0.524306 0.180556 0.631944 
0 0.163889 0.638889 0.205556 0.701389 
0 0.625 0.526042 0.172222 0.628472 
0 0.163889 0.640625 0.205556 0.697917 
0 0.623611 0.524306 0.169444 0.625 
0 0.1625 0.642361 0.208333 0.694444 
0 0.620833 0.526042 0.169444 0.628472 
0 0.616667 0.524306 0.166667 0.625 
0 0.161111 0.647569 0.211111 0.690972 
0 0.618056 0.527778 0.169444 0.625 
0 0.158333 0.652778 0.211111 0.6875 
0 0.615278 0.526042 0.163889 0.621528 
0 0.155556 0.652778 0.211111 0.6875 
0 0.615278 0.527778 0.163889 0.618056 
0 0.152778 0.657986 0.216667 0.684028 
0 0.616667 0.529514 0.166667 0.621528 
0 0.15 0.661458 0.216667 0.677083 
0 0.616667 0.53125 0.166667 0.618056 
0 0.15 0.661458 0.216667 0.677083 
0 0.147222 0.659722 0.222222 0.680556 
0 0.619444 0.527778 0.166667 0.618056 
0 0.145833 0.661458 0.225 0.677083 
0 0.620833 0.527778 0.169444 0.625 
0 0.144444 0.659722 0.233333 0.680556 
0 0.622222 0.53125 0.172222 0.611111 
0 0.141667 0.661458 0.238889 0.677083 
0 0.625 0.529514 0.172222 0.614583 
0 0.136111 0.666667 0.238889 0.666667 
0 0.631944 0.527778 0.180556 0.618056 
0 0.633333 0.517361 0.172222 0.604167 
0 0.123611 0.668403 0.225 0.663194 
0 0.123611 0.671875 0.219444 0.65625 
0 0.647222 0.493056 0.155556 0.541667 
0 0.663889 0.482639 0.133333 0.506944 
0 0.125 0.670139 0.222222 0.659722 
0 0.669444 0.479167 0.133333 0.506944 
0 0.125 0.675347 0.222222 0.649306 
0 0.679167 0.473958 0.125 0.496528 
0 0.123611 0.673611 0.225 0.652778 
0 0.122222 0.677083 0.222222 0.645833 
0 0.6875 0.477431 0.119444 0.489583 
0 0.694444 0.477431 0.122222 0.496528 
0 0.125 0.677083 0.222222 0.645833 
0 0.698611 0.475694 0.125 0.5 
0 0.127778 0.680556 0.222222 0.638889 
0 0.705556 0.479167 0.116667 0.5 
0 0.127778 0.678819 0.222222 0.642361 
0 0.129167 0.680556 0.225 0.638889 
0 0.711111 0.486111 0.111111 0.513889 
0 0.709722 0.513889 0.136111 0.555556 
0 0.131944 0.682292 0.230556 0.635417 
0 0.131944 0.680556 0.236111 0.638889 
0 0.718056 0.510417 0.125 0.548611 
0 0.134722 0.684028 0.236111 0.631944 
0 0.727778 0.508681 0.133333 0.552083 
0 0.136111 0.689236 0.233333 0.621528 
0 0.731944 0.506944 0.141667 0.555556 
0 0.1375 0.689236 0.236111 0.621528 
0 0.734722 0.512153 0.147222 0.552083 
0 0.141667 0.694444 0.233333 0.611111 
0 0.740278 0.512153 0.152778 0.545139 
0 0.141667 0.696181 0.233333 0.607639 
0 0.747222 0.512153 0.15 0.538194 
0 0.144444 0.696181 0.233333 0.607639 
0 0.751389 0.508681 0.136111 0.524306 
0 0.148611 0.694444 0.236111 0.611111 
0 0.747222 0.512153 0.15 0.545139 
0 0.155556 0.697917 0.238889 0.604167 
0 0.751389 0.515625 0.158333 0.545139 
0 0.159722 0.696181 0.241667 0.600694 
0 0.761111 0.512153 0.161111 0.538194 
0 0.1625 0.699653 0.241667 0.59375 
0 0.766667 0.512153 0.172222 0.538194 
0 0.163889 0.701389 0.244444 0.590278 
0 0.781944 0.522569 0.158333 0.552083 
0 0.169444 0.701389 0.244444 0.590278 
0 0.776389 0.517361 0.186111 0.555556 
0 0.173611 0.701389 0.241667 0.590278 
0 0.788889 0.513889 0.183333 0.548611 
0 0.176389 0.701389 0.247222 0.590278 
0 0.801389 0.513889 0.152778 0.541667 
0 0.177778 0.703125 0.25 0.586806 
0 0.8125 0.510417 0.136111 0.527778 
0 0.181944 0.704861 0.252778 0.583333 
0 0.825 0.508681 0.127778 0.524306 
0 0.831944 0.505208 0.130556 0.524306 
0 0.1875 0.706597 0.252778 0.579861 
0 0.193056 0.708333 0.252778 0.576389 
0 0.841667 0.503472 0.122222 0.520833 
0 0.194444 0.717014 0.255556 0.559028 
0 0.847222 0.489583 0.127778 0.5 
0 0.204167 0.715278 0.258333 0.555556 
0 0.851389 0.484375 0.130556 0.489583 
0 0.211111 0.715278 0.261111 0.548611 
0 0.855556 0.491319 0.127778 0.503472 
0 0.222222 0.720486 0.261111 0.538194 
0 0.859722 0.5 0.136111 0.513889 
0 0.231944 0.720486 0.258333 0.538194 
0 0.868056 0.470486 0.136111 0.454861 
0 0.236111 0.725694 0.261111 0.527778 
0 0.879167 0.467014 0.130556 0.440972 
0 0.240278 0.730903 0.263889 0.517361 
0 0.873611 0.501736 0.141667 0.496528 
0 0.247222 0.736111 0.266667 0.513889 
0 0.876389 0.498264 0.147222 0.496528 
0 0.259722 0.736111 0.263889 0.513889 
0 0.881944 0.501736 0.147222 0.496528 
0 0.265278 0.737847 0.269444 0.510417 
0 0.881944 0.503472 0.152778 0.5 
0 0.272222 0.741319 0.266667 0.503472 
0 0.893056 0.496528 0.141667 0.493056 
0 0.281944 0.743056 0.258333 0.5 
0 0.906944 0.494792 0.130556 0.489583 
0 0.293056 0.744792 0.258333 0.503472 
0 0.9125 0.494792 0.125 0.489583 
0 0.3 0.748264 0.261111 0.496528 
0 0.916667 0.491319 0.122222 0.489583 
0 0.305556 0.75 0.261111 0.493056 
0 0.920833 0.487847 0.119444 0.496528 
0 0.923611 0.486111 0.113889 0.493056 
0 0.3125 0.751736 0.258333 0.489583 
0 0.320833 0.751736 0.258333 0.489583 
0 0.922222 0.491319 0.116667 0.496528 
0 0.326389 0.751736 0.263889 0.489583 
0 0.926389 0.489583 0.119444 0.493056 
0 0.333333 0.755208 0.266667 0.482639 
0 0.929167 0.491319 0.119444 0.489583 
0 0.345833 0.756944 0.263889 0.479167 
0 0.931944 0.491319 0.119444 0.482639 
0 0.359722 0.758681 0.263889 0.475694 
0 0.930556 0.493056 0.122222 0.486111 
0 0.366667 0.763889 0.266667 0.472222 
0 0.927778 0.493056 0.127778 0.486111 
0 0.381944 0.760417 0.269444 0.472222 
0 0.922222 0.494792 0.138889 0.489583 
0 0.404167 0.762153 0.297222 0.46875 
0 0.927778 0.494792 0.133333 0.489583 
0 0.418056 0.763889 0.286111 0.465278 
0 0.927778 0.494792 0.133333 0.482639 
0 0.426389 0.770833 0.269444 0.451389 
0 0.930556 0.496528 0.127778 0.486111 
0 0.445833 0.769097 0.291667 0.454861 
0 0.929167 0.494792 0.130556 0.482639 
0 0.4625 0.770833 0.291667 0.451389 
0 0.931944 0.482639 0.125 0.5 
0 0.483333 0.769097 0.288889 0.447917 
0 0.933333 0.538194 0.116667 0.388889 
0 0.498611 0.770833 0.291667 0.444444 
0 0.9375 0.534722 0.108333 0.388889 
0 0.518056 0.772569 0.297222 0.447917 
0 0.943056 0.545139 0.0972222 0.368056 
0 0.531944 0.770833 0.302778 0.444444 
0 0.945833 0.534722 0.0972222 0.388889 
0 0.545833 0.770833 0.302778 0.444444 
0 0.95 0.53125 0.0888889 0.388889 
0 0.556944 0.772569 0.302778 0.440972 
0 0.951389 0.529514 0.0805556 0.385417 
0 0.568056 0.772569 0.313889 0.440972 
0 0.961111 0.524306 0.0555556 0.375 
0 0.576389 0.774306 0.319444 0.444444 
0 0.584722 0.774306 0.325 0.444444 
0 0.593056 0.776042 0.319444 0.440972 
0 0.604167 0.774306 0.325 0.444444 
0 0.608333 0.776042 0.327778 0.440972 
0 0.615278 0.777778 0.325 0.4375 
0 0.633333 0.779514 0.344444 0.434028 
0 0.645833 0.78125 0.352778 0.430556 
0 0.784722 0.769097 0.108333 0.440972 
0 0.645833 0.78125 0.347222 0.430556 
0 0.651389 0.786458 0.352778 0.427083 
0 0.654167 0.791667 0.352778 0.416667 
0 0.6625 0.798611 0.358333 0.402778 
0 0.677778 0.803819 0.372222 0.392361 
0 0.6875 0.805556 0.375 0.381944 
0 0.695833 0.809028 0.375 0.375 
0 0.708333 0.815972 0.383333 0.368056 
0 0.722222 0.821181 0.388889 0.357639 
0 0.883333 0.803819 0.0944444 0.357639 
0 0.809722 0.831597 0.236111 0.329861 
0 0.888889 0.814236 0.1 0.350694 
0 0.801389 0.838542 0.286111 0.322917 
0 0.913889 0.821181 0.1 0.350694 
0 0.854167 0.838542 0.225 0.322917 
0 0.768056 0.842014 0.386111 0.315972 
0 0.927778 0.829861 0.1 0.340278 
0 0.873611 0.840278 0.219444 0.319444 
0 0.944444 0.829861 0.0888889 0.333333 
0 0.884722 0.857639 0.202778 0.284722 
0 0.9 0.84375 0.183333 0.3125 
0 0.906944 0.859375 0.169444 0.28125 
0 0.915278 0.869792 0.147222 0.253472 
0 0.920833 0.873264 0.141667 0.246528 
0 0.925 0.875 0.138889 0.243056 
0 0.930556 0.880208 0.127778 0.232639 
0 0.952778 0.543403 0.0666667 0.364583 
0 0.95 0.534722 0.0777778 0.375 
0 0.947222 0.536458 0.0833333 0.378472 
0 0.944444 0.53125 0.0888889 0.381944 
0 0.943056 0.532986 0.0916667 0.385417 
0 0.943056 0.532986 0.0861111 0.385417 
0 0.943056 0.53125 0.0861111 0.388889 
0 0.941667 0.53125 0.0888889 0.381944 
0 0.9375 0.53125 0.0972222 0.388889 
0 0.9375 0.529514 0.0972222 0.392361 
0 0.933333 0.526042 0.105556 0.399306 
0 0.934722 0.526042 0.102778 0.399306 
0 0.934722 0.482639 0.113889 0.5 
0 0.933333 0.489583 0.116667 0.486111 
0 0.931944 0.491319 0.119444 0.489583 
0 0.934722 0.489583 0.113889 0.486111 
0 0.934722 0.489583 0.108333 0.486111 
0 0.934722 0.487847 0.113889 0.496528 
0 0.936111 0.486111 0.111111 0.486111 
0 0.9375 0.484375 0.102778 0.482639 
0 0.938889 0.484375 0.105556 0.482639 
0 0.9375 0.484375 0.108333 0.482639 
0 0.9375 0.482639 0.108333 0.479167 
0 0.936111 0.486111 0.111111 0.486111 
0 0.9375 0.486111 0.113889 0.479167 
0 0.938889 0.484375 0.111111 0.482639 
0 0.938889 0.482639 0.111111 0.479167 
0 0.936111 0.484375 0.111111 0.482639 
0 0.938889 0.484375 0.111111 0.482639 
0 0.938889 0.484375 0.111111 0.482639 
0 0.9375 0.484375 0.108333 0.482639 
0 0.9375 0.484375 0.108333 0.482639 
0 0.9375 0.486111 0.108333 0.486111 
0 0.9375 0.486111 0.108333 0.486111 
0 0.9375 0.486111 0.108333 0.486111 
0 0.9375 0.484375 0.108333 0.482639 
0 0.9375 0.484375 0.108333 0.482639 
0 0.936111 0.484375 0.111111 0.482639 
0 0.936111 0.484375 0.111111 0.482639 
0 0.9375 0.486111 0.108333 0.479167 
0 0.9375 0.486111 0.108333 0.479167 
0 0.9375 0.487847 0.108333 0.482639 
0 0.936111 0.489583 0.111111 0.486111 
0 0.930556 0.489583 0.116667 0.486111 
0 0.929167 0.489583 0.125 0.493056 
0 0.925 0.489583 0.133333 0.493056 
0 0.922222 0.491319 0.138889 0.496528 
0 0.915278 0.491319 0.152778 0.496528 
0 0.920833 0.489583 0.147222 0.493056 
0 0.920833 0.489583 0.147222 0.5 
0 0.919444 0.489583 0.15 0.5 
0 0.941667 0.864583 0.111111 0.263889 
0 0.916667 0.491319 0.155556 0.496528 
0 0.916667 0.491319 0.155556 0.496528 
0 0.913889 0.850694 0.155556 0.298611 
0 0.916667 0.494792 0.155556 0.503472 
0 0.902778 0.847222 0.177778 0.305556 
0 0.919444 0.498264 0.144444 0.510417 
0 0.893056 0.840278 0.191667 0.319444 
0 0.9125 0.493056 0.152778 0.506944 
0 0.883333 0.836806 0.205556 0.326389 
0 0.895833 0.512153 0.186111 0.53125 
0 0.872222 0.833333 0.222222 0.333333 
0 0.9 0.5 0.166667 0.513889 
0 0.8625 0.828125 0.219444 0.34375 
0 0.909722 0.487847 0.147222 0.496528 
0 0.847222 0.828125 0.222222 0.34375 
0 0.904167 0.487847 0.141667 0.496528 
0 0.901389 0.487847 0.147222 0.496528 
0 0.833333 0.824653 0.222222 0.350694 
0 0.898611 0.486111 0.147222 0.493056 
0 0.827778 0.814236 0.211111 0.364583 
0 0.894444 0.486111 0.144444 0.5 
0 0.820833 0.810764 0.208333 0.371528 
0 0.893056 0.484375 0.147222 0.496528 
0 0.815278 0.809028 0.202778 0.375 
0 0.890278 0.484375 0.147222 0.496528 
0 0.809722 0.807292 0.202778 0.371528 
0 0.8875 0.484375 0.147222 0.496528 
0 0.806944 0.805556 0.197222 0.381944 
0 0.884722 0.484375 0.147222 0.496528 
0 0.798611 0.807292 0.202778 0.385417 
0 0.886111 0.486111 0.15 0.5 
0 0.797222 0.809028 0.2 0.381944 
0 0.883333 0.487847 0.15 0.496528 
0 0.791667 0.805556 0.2 0.388889 
0 0.881944 0.489583 0.147222 0.5 
0 0.788889 0.800347 0.2 0.399306 
0 0.702778 0.805556 0.361111 0.388889 
0 0.880556 0.491319 0.15 0.496528 
0 0.695833 0.802083 0.369444 0.395833 
0 0.880556 0.487847 0.15 0.496528 
0 0.691667 0.789931 0.372222 0.420139 
0 0.880556 0.494792 0.15 0.510417 
0 0.681944 0.789931 0.369444 0.420139 
0 0.877778 0.493056 0.155556 0.506944 
0 0.680556 0.788194 0.372222 0.423611 
0 0.876389 0.496528 0.152778 0.506944 
0 0.676389 0.784722 0.375 0.430556 
0 0.879167 0.503472 0.152778 0.520833 
0 0.673611 0.782986 0.375 0.434028 
0 0.877778 0.503472 0.15 0.513889 
0 0.668056 0.769097 0.375 0.461806 
0 0.876389 0.489583 0.152778 0.493056 
0 0.661111 0.772569 0.372222 0.447917 
0 0.876389 0.486111 0.158333 0.486111 
0 0.652778 0.769097 0.372222 0.454861 
0 0.875 0.5 0.155556 0.513889 
0 0.644444 0.763889 0.383333 0.465278 
0 0.875 0.513889 0.155556 0.534722 
0 0.643056 0.760417 0.397222 0.472222 
0 0.875 0.460069 0.155556 0.427083 
0 0.638889 0.751736 0.405556 0.482639 
0 0.875 0.458333 0.155556 0.430556 
0 0.629167 0.75 0.413889 0.486111 
0 0.873611 0.461806 0.152778 0.4375 
0 0.620833 0.75 0.408333 0.486111 
0 0.873611 0.46875 0.152778 0.451389 
0 0.601389 0.75 0.391667 0.486111 
0 0.872222 0.46875 0.155556 0.451389 
0 0.586111 0.746528 0.377778 0.493056 
0 0.868056 0.470486 0.158333 0.461806 
0 0.570833 0.751736 0.380556 0.482639 
0 0.866667 0.501736 0.161111 0.517361 
0 0.555556 0.746528 0.377778 0.493056 
0 0.866667 0.510417 0.166667 0.527778 
0 0.540278 0.753472 0.363889 0.479167 
0 0.865278 0.506944 0.169444 0.520833 
0 0.525 0.75 0.355556 0.486111 
0 0.861111 0.508681 0.177778 0.524306 
0 0.5125 0.743056 0.352778 0.5 
0 0.855556 0.510417 0.188889 0.527778 
0 0.852778 0.510417 0.194444 0.520833 
0 0.502778 0.730903 0.355556 0.524306 
0 0.85 0.512153 0.2 0.53125 
0 0.4875 0.729167 0.336111 0.520833 
0 0.847222 0.513889 0.2 0.534722 
0 0.472222 0.730903 0.327778 0.524306 
0 0.843056 0.513889 0.202778 0.527778 
0 0.4625 0.732639 0.341667 0.520833 
0 0.841667 0.513889 0.205556 0.527778 
0 0.454167 0.723958 0.325 0.545139 
0 0.836111 0.517361 0.211111 0.534722 
0 0.444444 0.727431 0.311111 0.538194 
0 0.836111 0.515625 0.211111 0.53125 
0 0.436111 0.722222 0.305556 0.541667 
0 0.833333 0.512153 0.205556 0.524306 
0 0.429167 0.722222 0.297222 0.548611 
0 0.831944 0.513889 0.202778 0.527778 
0 0.426389 0.71875 0.297222 0.555556 
0 0.422222 0.717014 0.294444 0.559028 
0 0.829167 0.513889 0.197222 0.527778 
0 0.420833 0.715278 0.291667 0.569444 
0 0.826389 0.513889 0.197222 0.527778 
0 0.418056 0.710069 0.286111 0.572917 
0 0.819444 0.517361 0.194444 0.527778 
0 0.416667 0.710069 0.283333 0.572917 
0 0.815278 0.517361 0.191667 0.527778 
0 0.504167 0.477431 0.0861111 0.177083 
0 0.418056 0.706597 0.275 0.579861 
0 0.808333 0.515625 0.2 0.538194 
0 0.418056 0.704861 0.269444 0.583333 
0 0.798611 0.517361 0.202778 0.541667 
0 0.418056 0.704861 0.269444 0.583333 
0 0.794444 0.515625 0.194444 0.545139 
0 0.418056 0.703125 0.275 0.586806 
0 0.791667 0.515625 0.194444 0.552083 
0 0.418056 0.703125 0.275 0.586806 
0 0.786111 0.517361 0.188889 0.548611 
0 0.418056 0.704861 0.275 0.583333 
0 0.786111 0.520833 0.183333 0.541667 
0 0.418056 0.704861 0.275 0.583333 
0 0.784722 0.519097 0.180556 0.545139 
0 0.508333 0.473958 0.0777778 0.184028 
0 0.416667 0.704861 0.277778 0.583333 
0 0.781944 0.517361 0.175 0.541667 
0 0.508333 0.475694 0.0777778 0.1875 
0 0.416667 0.704861 0.277778 0.583333 
0 0.779167 0.519097 0.175 0.545139 
0 0.511111 0.475694 0.0777778 0.1875 
0 0.418056 0.704861 0.275 0.583333 
0 0.773611 0.517361 0.169444 0.548611 
0 0.419444 0.703125 0.272222 0.586806 
0 0.770833 0.515625 0.169444 0.552083 
0 0.420833 0.703125 0.269444 0.586806 
0 0.766667 0.513889 0.172222 0.555556 
0 0.516667 0.472222 0.0722222 0.166667 
0 0.422222 0.704861 0.266667 0.590278 
0 0.765278 0.512153 0.169444 0.552083 
0 0.423611 0.703125 0.269444 0.586806 
0 0.763889 0.513889 0.172222 0.555556 
0 0.425 0.701389 0.272222 0.590278 
0 0.763889 0.510417 0.172222 0.5625 
0 0.426389 0.701389 0.275 0.597222 
0 0.761111 0.512153 0.172222 0.565972 
0 0.427778 0.699653 0.277778 0.600694 
0 0.761111 0.508681 0.172222 0.552083 
0 0.427778 0.697917 0.277778 0.604167 
0 0.759722 0.510417 0.169444 0.548611 
0 0.427778 0.694444 0.277778 0.611111 
0 0.758333 0.512153 0.172222 0.552083 
0 0.427778 0.689236 0.277778 0.621528 
0 0.756944 0.513889 0.169444 0.548611 
0 0.427778 0.690972 0.277778 0.618056 
0 0.755556 0.515625 0.172222 0.545139 
0 0.426389 0.690972 0.275 0.618056 
0 0.754167 0.517361 0.169444 0.541667 
0 0.423611 0.689236 0.269444 0.621528 
0 0.754167 0.517361 0.169444 0.541667 
0 0.423611 0.6875 0.269444 0.625 
0 0.752778 0.517361 0.166667 0.548611 
0 0.422222 0.6875 0.266667 0.625 
0 0.75 0.519097 0.166667 0.545139 
0 0.420833 0.685764 0.263889 0.628472 
0 0.748611 0.520833 0.163889 0.548611 
0 0.518056 0.435764 0.075 0.190972 
0 0.418056 0.685764 0.263889 0.628472 
0 0.740278 0.515625 0.169444 0.559028 
0 0.416667 0.685764 0.255556 0.628472 
0 0.740278 0.519097 0.169444 0.559028 
0 0.415278 0.685764 0.252778 0.628472 
0 0.740278 0.519097 0.163889 0.552083 
0 0.513889 0.430556 0.0722222 0.1875 
0 0.4125 0.682292 0.247222 0.635417 
0 0.7375 0.517361 0.163889 0.548611 
0 0.411111 0.682292 0.238889 0.635417 
0 0.736111 0.5 0.161111 0.520833 
0 0.511111 0.430556 0.0722222 0.1875 
0 0.409722 0.680556 0.236111 0.631944 
0 0.733333 0.515625 0.166667 0.552083 
0 0.408333 0.680556 0.233333 0.631944 
0 0.729167 0.513889 0.175 0.548611 
0 0.405556 0.678819 0.227778 0.635417 
0 0.725 0.512153 0.183333 0.545139 
0 0.402778 0.678819 0.222222 0.635417 
0 0.722222 0.515625 0.188889 0.552083 
0 0.401389 0.677083 0.219444 0.638889 
0 0.718056 0.517361 0.197222 0.555556 
0 0.397222 0.675347 0.216667 0.642361 
0 0.713889 0.515625 0.2 0.559028 
0 0.394444 0.673611 0.211111 0.645833 
0 0.708333 0.524306 0.205556 0.576389 
0 0.704167 0.526042 0.202778 0.586806 
0 0.390278 0.671875 0.208333 0.65625 
0 0.3875 0.670139 0.208333 0.659722 
0 0.702778 0.526042 0.2 0.586806 
0 0.383333 0.670139 0.2 0.659722 
0 0.695833 0.522569 0.208333 0.579861 
0 0.380556 0.666667 0.194444 0.666667 
0 0.698611 0.480903 0.202778 0.489583 
0 0.380556 0.664931 0.2 0.670139 
0 0.695833 0.480903 0.202778 0.489583 
0 0.380556 0.664931 0.211111 0.670139 
0 0.693056 0.489583 0.197222 0.5 
0 0.377778 0.663194 0.211111 0.673611 
0 0.690278 0.496528 0.191667 0.513889 
0 0.691667 0.487847 0.188889 0.496528 
0 0.375 0.664931 0.216667 0.670139 
0 0.675 0.524306 0.216667 0.590278 
0 0.366667 0.661458 0.216667 0.677083 
0 0.668056 0.524306 0.219444 0.590278 
0 0.365278 0.661458 0.219444 0.677083 
0 0.665278 0.524306 0.208333 0.597222 
0 0.3625 0.661458 0.225 0.677083 
0 0.65 0.532986 0.222222 0.614583 
0 0.359722 0.659722 0.225 0.680556 
0 0.644444 0.559028 0.227778 0.659722 
0 0.358333 0.657986 0.222222 0.677083 
0 0.641667 0.538194 0.216667 0.618056 
0 0.355556 0.657986 0.216667 0.677083 
0 0.6375 0.555556 0.208333 0.659722 
0 0.356944 0.652778 0.213889 0.680556 
0 0.631944 0.5625 0.202778 0.673611 
0 0.358333 0.652778 0.216667 0.680556 
0 0.361111 0.652778 0.211111 0.680556 
0 0.625 0.571181 0.211111 0.704861 
0 0.626389 0.532986 0.191667 0.628472 
0 0.3625 0.651042 0.208333 0.684028 
0 0.363889 0.654514 0.205556 0.684028 
0 0.615278 0.576389 0.202778 0.729167 
0 0.609722 0.576389 0.202778 0.729167 
0 0.363889 0.654514 0.2 0.684028 
0 0.608333 0.565972 0.194444 0.715278 
0 0.363889 0.654514 0.2 0.684028 
0 0.604167 0.574653 0.197222 0.725694 
0 0.365278 0.649306 0.197222 0.680556 
0 0.6 0.578125 0.2 0.732639 
0 0.369444 0.654514 0.2 0.677083 
0 0.598611 0.571181 0.197222 0.725694 
0 0.380556 0.657986 0.205556 0.677083 
0 0.381944 0.659722 0.202778 0.673611 
0 0.593056 0.571181 0.197222 0.725694 
0 0.384722 0.659722 0.202778 0.673611 
0 0.590278 0.565972 0.191667 0.722222 
0 0.386111 0.659722 0.2 0.673611 
0 0.5875 0.569444 0.191667 0.722222 
0 0.390278 0.661458 0.202778 0.677083 
0 0.586111 0.527778 0.188889 0.652778 
0 0.393056 0.661458 0.202778 0.670139 
0 0.581944 0.571181 0.186111 0.732639 
0 0.397222 0.663194 0.2 0.673611 
0 0.580556 0.586806 0.183333 0.763889 
0 0.475 0.399306 0.0555556 0.173611 
0 0.581944 0.524306 0.175 0.638889 
0 0.4 0.659722 0.2 0.673611 
0 0.479167 0.395833 0.0527778 0.145833 
0 0.579167 0.53125 0.175 0.652778 
0 0.401389 0.65625 0.197222 0.680556 
0 0.569444 0.59375 0.172222 0.777778 
0 0.405556 0.652778 0.194444 0.680556 
0 0.411111 0.647569 0.194444 0.684028 
0 0.569444 0.548611 0.166667 0.6875 
0 0.411111 0.647569 0.188889 0.684028 
0 0.566667 0.574653 0.161111 0.739583 
0 0.4125 0.645833 0.186111 0.6875 
0 0.559722 0.602431 0.175 0.767361 
0 0.415278 0.645833 0.180556 0.680556 
0 0.554167 0.583333 0.169444 0.736111 
0 0.418056 0.645833 0.175 0.6875 
0 0.548611 0.586806 0.163889 0.743056 
0 0.415278 0.645833 0.163889 0.6875 
0 0.543056 0.588542 0.163889 0.746528 
0 0.433333 0.644097 0.188889 0.690972 
0 0.547222 0.435764 0.138889 0.434028 
0 0.5375 0.605903 0.147222 0.746528 
0 0.469444 0.638889 0.255556 0.701389 
0 0.436111 0.642361 0.188889 0.694444 
0 0.544444 0.430556 0.127778 0.4375 
0 0.534722 0.602431 0.136111 0.739583 
0 0.426389 0.644097 0.169444 0.690972 
0 0.543056 0.432292 0.125 0.434028 
0 0.534722 0.604167 0.130556 0.743056 
0 0.431944 0.640625 0.180556 0.690972 
0 0.540278 0.423611 0.119444 0.430556 
0 0.431944 0.642361 0.180556 0.694444 
0 0.533333 0.414931 0.127778 0.413194 
0 0.431944 0.642361 0.180556 0.694444 
0 0.523611 0.421875 0.125 0.420139 
0 0.427778 0.642361 0.177778 0.694444 
0 0.519444 0.418403 0.122222 0.420139 
0 0.431944 0.644097 0.180556 0.697917 
0 0.518056 0.418403 0.125 0.420139 
0 0.434722 0.640625 0.191667 0.690972 
0 0.509722 0.420139 0.130556 0.416667 
0 0.443056 0.640625 0.197222 0.697917 
0 0.491667 0.423611 0.161111 0.423611 
0 0.443056 0.642361 0.191667 0.701389 
0 0.486111 0.421875 0.161111 0.427083 
0 0.445833 0.640625 0.186111 0.697917 
0 0.490278 0.425347 0.152778 0.413194 
0 0.445833 0.640625 0.191667 0.704861 
0 0.479167 0.378472 0.175 0.340278 
0 0.433333 0.626736 0.205556 0.670139 
0 0.476389 0.383681 0.169444 0.329861 
0 0.419444 0.614583 0.233333 0.652778 
0 0.458333 0.368056 0.205556 0.305556 
0 0.394444 0.618056 0.261111 0.659722 
0 0.455556 0.371528 0.205556 0.298611 
0 0.395833 0.614583 0.258333 0.673611 
0 0.452778 0.376736 0.205556 0.302083 
0 0.388889 0.604167 0.25 0.715278 
0 0.393056 0.604167 0.236111 0.729167 
0 0.390278 0.612847 0.241667 0.732639 
0 0.381944 0.611111 0.247222 0.75 
0 0.475 0.633681 0.116667 0.697917 
0 0.383333 0.609375 0.25 0.739583 
0 0.472222 0.626736 0.127778 0.704861 
0 0.383333 0.607639 0.238889 0.743056 
0 0.472222 0.626736 0.122222 0.704861 
0 0.370833 0.604167 0.225 0.75 
0 0.4625 0.630208 0.141667 0.711806 
0 0.379167 0.605903 0.247222 0.746528 
0 0.477778 0.623264 0.116667 0.697917 
0 0.375 0.607639 0.25 0.75 
0 0.472222 0.625 0.111111 0.701389 
0 0.361111 0.605903 0.233333 0.767361 
0 0.466667 0.628472 0.127778 0.708333 
0 0.359722 0.602431 0.241667 0.767361 
0 0.466667 0.631944 0.133333 0.708333 
0 0.461111 0.630208 0.144444 0.704861 
0 0.333333 0.59375 0.205556 0.75 
0 0.459722 0.631944 0.158333 0.715278 
0 0.327778 0.597222 0.211111 0.756944 
0 0.463889 0.633681 0.161111 0.71875 
0 0.326389 0.600694 0.225 0.777778 
0 0.4625 0.633681 0.169444 0.725694 
0 0.311111 0.607639 0.211111 0.777778 
0 0.465278 0.633681 0.175 0.725694 
0 0.298611 0.607639 0.191667 0.777778 
0 0.469444 0.633681 0.177778 0.725694 
0 0.295833 0.609375 0.197222 0.774306 
0 0.472222 0.631944 0.172222 0.722222 
0 0.291667 0.607639 0.205556 0.770833 
0 0.473611 0.630208 0.175 0.725694 
0 0.290278 0.609375 0.208333 0.767361 
0 0.473611 0.630208 0.175 0.732639 
0 0.2875 0.609375 0.213889 0.767361 
0 0.476389 0.630208 0.175 0.725694 
0 0.284722 0.609375 0.213889 0.760417 
0 0.479167 0.628472 0.175 0.729167 
0 0.284722 0.611111 0.219444 0.756944 
0 0.283333 0.612847 0.216667 0.753472 
0 0.481944 0.626736 0.180556 0.732639 
0 0.277778 0.612847 0.216667 0.753472 
0 0.486111 0.631944 0.183333 0.729167 
0 0.273611 0.611111 0.213889 0.756944 
0 0.491667 0.631944 0.177778 0.729167 
0 0.270833 0.607639 0.213889 0.763889 
0 0.502778 0.635417 0.177778 0.722222 
0 0.269444 0.609375 0.216667 0.760417 
0 0.508333 0.633681 0.183333 0.725694 
0 0.268056 0.609375 0.219444 0.767361 
0 0.511111 0.637153 0.188889 0.725694 
0 0.520833 0.633681 0.197222 0.725694 
0 0.265278 0.609375 0.219444 0.767361 
0 0.525 0.633681 0.2 0.725694 
0 0.263889 0.607639 0.227778 0.770833 
0 0.263889 0.609375 0.227778 0.767361 
0 0.534722 0.635417 0.202778 0.722222 
0 0.263889 0.604167 0.227778 0.756944 
0 0.540278 0.635417 0.202778 0.722222 
0 0.259722 0.607639 0.236111 0.763889 
0 0.544444 0.635417 0.205556 0.722222 
0 0.255556 0.611111 0.238889 0.763889 
0 0.545833 0.637153 0.202778 0.725694 
0 0.255556 0.611111 0.238889 0.763889 
0 0.548611 0.633681 0.202778 0.732639 
0 0.555556 0.633681 0.205556 0.732639 
0 0.25 0.614583 0.238889 0.763889 
0 0.558333 0.633681 0.2 0.732639 
0 0.248611 0.612847 0.236111 0.767361 
0 0.556944 0.633681 0.197222 0.732639 
0 0.247222 0.616319 0.233333 0.760417 
0 0.243056 0.618056 0.225 0.75 
0 0.556944 0.631944 0.197222 0.729167 
0 0.238889 0.618056 0.233333 0.756944 
0 0.559722 0.628472 0.191667 0.736111 
0 0.231944 0.619792 0.236111 0.746528 
0 0.558333 0.628472 0.188889 0.729167 
0 0.226389 0.618056 0.225 0.75 
0 0.559722 0.628472 0.186111 0.729167 
0 0.216667 0.616319 0.216667 0.753472 
0 0.559722 0.628472 0.186111 0.729167 
0 0.213889 0.618056 0.216667 0.75 
0 0.559722 0.628472 0.186111 0.736111 
0 0.211111 0.619792 0.211111 0.739583 
0 0.559722 0.628472 0.186111 0.729167 
0 0.206944 0.618056 0.213889 0.743056 
0 0.559722 0.625 0.186111 0.736111 
0 0.202778 0.621528 0.211111 0.736111 
0 0.559722 0.626736 0.180556 0.732639 
0 0.197222 0.626736 0.211111 0.732639 
0 0.559722 0.626736 0.180556 0.739583 
0 0.193056 0.625 0.208333 0.736111 
0 0.559722 0.626736 0.180556 0.739583 
0 0.561111 0.625 0.183333 0.743056 
0 0.186111 0.621528 0.211111 0.743056 
0 0.180556 0.619792 0.211111 0.746528 
0 0.5625 0.625 0.180556 0.736111 
0 0.177778 0.619792 0.211111 0.746528 
0 0.561111 0.626736 0.177778 0.732639 
0 0.173611 0.618056 0.219444 0.75 
0 0.563889 0.625 0.177778 0.736111 
0 0.172222 0.621528 0.222222 0.743056 
0 0.563889 0.621528 0.177778 0.729167 
0 0.173611 0.619792 0.236111 0.746528 
0 0.5625 0.619792 0.175 0.725694 
0 0.170833 0.618056 0.230556 0.75 
0 0.563889 0.619792 0.177778 0.732639 
0 0.172222 0.618056 0.233333 0.75 
0 0.5625 0.619792 0.175 0.732639 
0 0.172222 0.619792 0.233333 0.746528 
0 0.563889 0.621528 0.172222 0.736111 
0 0.163889 0.616319 0.222222 0.746528 
0 0.563889 0.618056 0.166667 0.729167 
0 0.158333 0.618056 0.216667 0.743056 
0 0.563889 0.604167 0.161111 0.701389 
0 0.156944 0.623264 0.213889 0.732639 
0 0.565278 0.600694 0.163889 0.694444 
0 0.152778 0.621528 0.211111 0.736111 
0 0.565278 0.574653 0.163889 0.649306 
0 0.154167 0.619792 0.208333 0.739583 
0 0.568056 0.609375 0.163889 0.71875 
0 0.156944 0.621528 0.208333 0.736111 
0 0.569444 0.5625 0.161111 0.625 
0 0.158333 0.621528 0.205556 0.736111 
0 0.573611 0.605903 0.163889 0.71875 
0 0.158333 0.623264 0.211111 0.732639 
0 0.575 0.557292 0.161111 0.621528 
0 0.161111 0.625 0.211111 0.729167 
0 0.577778 0.541667 0.166667 0.583333 
0 0.161111 0.628472 0.216667 0.722222 
0 0.584722 0.543403 0.169444 0.579861 
0 0.165278 0.630208 0.219444 0.725694 
0 0.588889 0.541667 0.172222 0.576389 
0 0.170833 0.631944 0.230556 0.722222 
0 0.591667 0.539931 0.166667 0.572917 
0 0.597222 0.539931 0.161111 0.565972 
0 0.177778 0.628472 0.244444 0.722222 
0 0.6 0.543403 0.166667 0.565972 
0 0.181944 0.630208 0.247222 0.725694 
0 0.606944 0.541667 0.169444 0.569444 
0 0.190278 0.630208 0.247222 0.71875 
0 0.195833 0.631944 0.252778 0.715278 
0 0.6125 0.541667 0.163889 0.569444 
0 0.2 0.630208 0.255556 0.71875 
0 0.623611 0.541667 0.163889 0.555556 
0 0.204167 0.633681 0.252778 0.71875 
0 0.630556 0.538194 0.161111 0.555556 
0 0.209722 0.631944 0.258333 0.722222 
0 0.633333 0.536458 0.166667 0.559028 
0 0.215278 0.633681 0.247222 0.71875 
0 0.640278 0.536458 0.180556 0.565972 
0 0.220833 0.635417 0.247222 0.722222 
0 0.652778 0.532986 0.166667 0.545139 
0 0.226389 0.635417 0.247222 0.715278 
0 0.661111 0.532986 0.161111 0.545139 
0 0.231944 0.638889 0.247222 0.715278 
0 0.666667 0.526042 0.155556 0.538194 
0 0.233333 0.640625 0.244444 0.71875 
0 0.676389 0.496528 0.147222 0.493056 
0 0.236111 0.637153 0.238889 0.71875 
0 0.679167 0.503472 0.147222 0.506944 
0 0.240278 0.635417 0.236111 0.722222 
0 0.681944 0.494792 0.147222 0.489583 
0 0.241667 0.637153 0.227778 0.71875 
0 0.684722 0.491319 0.147222 0.475694 
0 0.243056 0.635417 0.219444 0.722222 
0 0.688889 0.493056 0.15 0.479167 
0 0.694444 0.489583 0.155556 0.472222 
0 0.245833 0.642361 0.219444 0.715278 
0 0.255556 0.640625 0.211111 0.71875 
0 0.698611 0.489583 0.152778 0.465278 
0 0.258333 0.644097 0.205556 0.711806 
0 0.704167 0.487847 0.152778 0.46875 
0 0.2625 0.645833 0.202778 0.708333 
0 0.705556 0.487847 0.15 0.461806 
0 0.266667 0.644097 0.205556 0.704861 
0 0.706944 0.498264 0.147222 0.489583 
0 0.268056 0.642361 0.202778 0.708333 
0 0.709722 0.496528 0.147222 0.479167 
0 0.272222 0.642361 0.205556 0.708333 
0 0.713889 0.501736 0.144444 0.489583 
0 0.273611 0.644097 0.208333 0.704861 
0 0.718056 0.496528 0.141667 0.479167 
0 0.276389 0.644097 0.208333 0.697917 
0 0.723611 0.512153 0.147222 0.510417 
0 0.726389 0.510417 0.147222 0.506944 
0 0.277778 0.647569 0.205556 0.690972 
0 0.731944 0.510417 0.152778 0.506944 
0 0.277778 0.654514 0.205556 0.690972 
0 0.731944 0.520833 0.147222 0.5 
0 0.279167 0.65625 0.208333 0.6875 
0 0.736111 0.517361 0.15 0.506944 
0 0.280556 0.65625 0.211111 0.6875 
0 0.288889 0.434028 0.144444 0.25 
0 0.743056 0.519097 0.141667 0.510417 
0 0.281944 0.659722 0.213889 0.680556 
0 0.748611 0.515625 0.147222 0.503472 
0 0.283333 0.652778 0.216667 0.694444 
0 0.752778 0.517361 0.138889 0.493056 
0 0.284722 0.652778 0.219444 0.694444 
0 0.759722 0.510417 0.141667 0.506944 
0 0.286111 0.659722 0.216667 0.680556 
0 0.7625 0.512153 0.136111 0.503472 
0 0.2875 0.65625 0.225 0.6875 
0 0.766667 0.515625 0.138889 0.524306 
0 0.291667 0.65625 0.227778 0.6875 
0 0.772222 0.522569 0.138889 0.503472 
0 0.293056 0.661458 0.230556 0.677083 
0 0.777778 0.520833 0.138889 0.506944 
0 0.294444 0.659722 0.233333 0.680556 
0 0.779167 0.524306 0.136111 0.506944 
0 0.294444 0.663194 0.238889 0.673611 
0 0.295833 0.668403 0.241667 0.663194 
0 0.784722 0.520833 0.130556 0.506944 
0 0.298611 0.673611 0.241667 0.652778 
0 0.786111 0.517361 0.127778 0.506944 
0 0.301389 0.673611 0.241667 0.652778 
0 0.791667 0.519097 0.133333 0.510417 
0 0.794444 0.517361 0.138889 0.513889 
0 0.304167 0.673611 0.247222 0.652778 
0 0.797222 0.519097 0.144444 0.517361 
0 0.308333 0.680556 0.244444 0.638889 
0 0.798611 0.517361 0.147222 0.513889 
0 0.3125 0.682292 0.247222 0.628472 
0 0.320833 0.680556 0.252778 0.638889 
0 0.8 0.519097 0.15 0.510417 
0 0.325 0.680556 0.25 0.631944 
0 0.801389 0.520833 0.147222 0.513889 
0 0.331944 0.684028 0.247222 0.625 
0 0.808333 0.524306 0.144444 0.506944 
0 0.341667 0.692708 0.25 0.607639 
0 0.811111 0.522569 0.155556 0.503472 
0 0.354167 0.696181 0.252778 0.59375 
0 0.815278 0.519097 0.152778 0.503472 
0 0.3625 0.696181 0.252778 0.600694 
0 0.816667 0.520833 0.155556 0.506944 
0 0.819444 0.519097 0.155556 0.510417 
0 0.373611 0.699653 0.252778 0.59375 
0 0.825 0.517361 0.15 0.513889 
0 0.3875 0.697917 0.258333 0.597222 
0 0.402778 0.701389 0.272222 0.590278 
0 0.831944 0.513889 0.141667 0.506944 
0 0.420833 0.708333 0.275 0.569444 
0 0.834722 0.512153 0.141667 0.503472 
0 0.433333 0.710069 0.277778 0.565972 
0 0.843056 0.506944 0.125 0.493056 
0 0.448611 0.706597 0.275 0.579861 
0 0.844444 0.508681 0.127778 0.496528 
0 0.469444 0.711806 0.277778 0.5625 
0 0.85 0.506944 0.133333 0.5 
0 0.481944 0.706597 0.286111 0.572917 
0 0.851389 0.508681 0.130556 0.503472 
0 0.488889 0.715278 0.3 0.555556 
0 0.854167 0.506944 0.136111 0.5 
0 0.858333 0.467014 0.133333 0.434028 
0 0.501389 0.713542 0.297222 0.559028 
0 0.516667 0.711806 0.305556 0.569444 
0 0.859722 0.503472 0.141667 0.5 
0 0.529167 0.71875 0.302778 0.548611 
0 0.863889 0.501736 0.144444 0.496528 
0 0.541667 0.71875 0.311111 0.541667 
0 0.869444 0.498264 0.144444 0.489583 
0 0.552778 0.722222 0.316667 0.534722 
0 0.873611 0.508681 0.152778 0.496528 
0 0.568056 0.723958 0.313889 0.538194 
0 0.877778 0.506944 0.15 0.493056 
0 0.890278 0.506944 0.136111 0.479167 
0 0.583333 0.730903 0.316667 0.524306 
0 0.893056 0.506944 0.141667 0.472222 
0 0.601389 0.736111 0.325 0.513889 
0 0.9 0.505208 0.138889 0.475694 
0 0.613889 0.739583 0.327778 0.506944 
0 0.895833 0.506944 0.152778 0.472222 
0 0.633333 0.746528 0.322222 0.493056 
0 0.648611 0.751736 0.319444 0.482639 
0 0.913889 0.501736 0.122222 0.475694 
0 0.9125 0.494792 0.136111 0.454861 
0 0.675 0.763889 0.322222 0.465278 
0 0.919444 0.493056 0.127778 0.444444 
0 0.675 0.767361 0.355556 0.458333 
0 0.926389 0.503472 0.113889 0.465278 
0 0.665278 0.772569 0.419444 0.447917 
0 0.708333 0.777778 0.377778 0.430556 
0 0.931944 0.508681 0.102778 0.482639 
0 0.756944 0.788194 0.330556 0.416667 
0 0.933333 0.494792 0.0944444 0.447917 
0 0.820833 0.791667 0.252778 0.416667 
0 0.941667 0.473958 0.0888889 0.413194 
0 0.943056 0.475694 0.0861111 0.416667 
0 0.825 0.800347 0.311111 0.392361 
0 0.944444 0.425347 0.0833333 0.315972 
0 0.827778 0.800347 0.305556 0.392361 
0 0.870833 0.633681 0.225 0.725694 
0 0.947222 0.440972 0.0833333 0.340278 
0 0.888889 0.633681 0.2 0.71875 
0 0.948611 0.446181 0.0805556 0.350694 
0 0.894444 0.633681 0.188889 0.725694 
0 0.947222 0.473958 0.0833333 0.399306 
0 0.913889 0.637153 0.155556 0.725694 
0 0.925 0.635417 0.133333 0.729167 
0 0.945833 0.510417 0.0916667 0.458333 
0 0.945833 0.506944 0.0916667 0.451389 
0 0.941667 0.638889 0.105556 0.722222 
0 0.95 0.498264 0.0833333 0.46875 
0 0.95 0.539931 0.0777778 0.364583 
0 0.95 0.532986 0.0777778 0.378472 
0 0.956944 0.555556 0.0583333 0.326389 
